1 0.005960
2 0.175882
3 0.080515
4 0.222105
5 0.156552
6 0.148640
7 0.434720
8 0.315494
9 0.266307
10 0.001017
11 0.481436
12 0.201279
13 0.140056
14 0.138835
15 0.282591
16 0.138799
17 0.138728
18 42.858908
19 43.837362
20 44.172563
21 47.519492
22 44.113841
23 50.501964
24 41.517419
25 43.885169
26 43.557501
27 47.771996
28 55.207157
29 240.932428
30 0.000743
31 0.000202
32 0.000148
33 0.000169
34 0.000199
35 0.000181
36 0.001496
37 1.210959
38 0.222968
39 0.193749
40 0.221176
41 0.000491
42 0.178286
43 0.218664
44 0.503343
45 0.000426
46 44.550775
47 43.368851
48 43.656703
49 43.873941
50 43.809217
51 50.388050
52 181.410405
53 88.006073
54 43.714892
55 43.912348
56 44.090784
57 48.601406
58 42.989489
59 54.372400
60 253.919799
61 0.001512
62 0.000848
63 0.000403
64 0.006095
65 0.000944
66 0.000905
67 0.000915
68 0.000417
69 0.000423
70 0.000378
71 0.004679
72 0.000834
73 0.000845
74 0.000901
75 0.000782
76 0.000836
77 40.649569
78 44.190855
79 43.914544
80 43.674738
81 43.982295
82 43.619077
83 100.035722
84 44.437976
85 43.316756
86 43.916779
87 44.001280
88 44.949782
89 42.755652
90 43.932261
91 43.939869
92 44.682102
93 43.279437
94 43.954254
95 43.878161
96 44.046618
97 48.108446
98 47.817768
99 46.591624
100 42.264252
101 43.137213
102 47.668960
103 45.487712
104 50.061728
105 45.295999
106 46.722061
107 44.143321
108 43.791100
109 44.229779
110 193.360361
111 41.636792
112 44.460678
113 43.510991
114 44.228361
115 47.854491
116 43.684004
117 44.175313
118 43.690035
119 48.056661
120 43.880329
121 44.599098
122 43.317512
123 44.228674
124 47.844719
125 39.964501
126 43.974777
127 43.735382
128 43.876976
129 44.009324
130 43.944257
131 44.087434
132 43.894785
133 48.069032
134 43.883777
135 44.199357
136 43.775387
137 43.857574
138 44.026667
139 43.996148
140 43.963997
141 47.719666
142 43.921557
143 43.999504
144 44.124838
145 47.805989
146 39.897475
147 48.184879
148 44.119873
149 43.560579
150 44.721541
151 43.967612
152 43.640873
153 43.668654
154 43.835001
155 48.034640
156 43.944567
157 43.931425
158 43.882629
159 43.965729
160 44.046386
161 43.826801
162 43.962155
163 44.475703
164 43.537456
165 43.828969
166 44.593883
167 43.234381
168 44.055347
169 44.835676
170 43.181204
171 43.936808
172 44.451662
173 47.284860
174 44.177042
175 43.716467
176 43.959476
177 43.972915
178 43.931201
179 48.205348
180 44.114656
181 44.189258
182 43.345377
183 44.714059
184 43.312895
185 43.895443
186 43.910472
187 43.907553
188 43.803712
189 43.899505
190 44.138735
191 44.637788
192 44.072400
193 637.252036
194 1.828858
195 0.380736
196 4.159381
197 1.615110
198 0.077744
199 0.019937
200 1.843852
201 0.114163
202 0.138817
203 0.093876
204 0.088983
205 0.103062
206 0.086742
207 0.100416
208 0.037533
209 0.158331
210 41.908701
211 44.446018
212 43.616755
213 48.246500
214 43.264822
215 47.984917
216 44.523380
217 44.086221
218 43.142863
219 43.917623
220 43.893064
221 44.041176
222 44.380672
223 43.585547
224 44.004407
225 44.171393
226 44.031963
227 47.447902
228 43.976125
229 44.396443
230 43.637631
231 43.797179
232 43.874985
233 44.468119
234 43.348709
235 43.726450
236 44.543359
237 43.288166
238 48.385751
239 43.612695
240 44.061215
241 53.007475
242 44.589728
243 41.975702
244 43.875394
245 43.935385
246 43.920383
247 44.392427
248 43.329262
249 44.048426
250 44.175633
251 43.947109
252 43.765024
253 43.929170
254 48.123600
255 43.524266
256 48.001001
257 44.957613
258 47.759564
259 43.260994
260 43.773109
261 44.544145
262 43.324537
263 44.478322
264 43.874351
265 47.831156
266 43.670611
267 47.971864
268 43.902503
269 47.938525
270 44.012745
271 43.881794
272 44.125296
273 44.157464
274 44.006125
275 47.491941
276 43.877076
277 43.799259
278 47.706616
279 44.043569
280 44.106697
281 44.551758
282 43.245665
283 47.856790
284 44.585667
285 47.177274
286 44.827752
287 47.285605
288 43.721510
289 44.067143
290 43.956097
291 44.580887
292 43.862439
293 43.440040
294 43.941099
295 43.919628
296 43.984779
297 44.040125
298 44.683527
299 43.237141
300 43.913132
301 44.022084
302 44.057477
303 987.267742
